Source	Precision	Recall	Fmeasure	ErrorRate	MAD	MNAD
finance-abc7chicago-com	0.8253615127919911	0.6331058020477816	0.7165620473201352	0.36689419795221845	1333494.5	1.103265617530269E-6
stockpickr	0.9386733416770964	0.6399317406143344	0.76103500761035	0.36006825938566556	12892.3251953125	1.4749526599189267E-5
smartmoney	0.8955987717502559	0.7465870307167235	0.8143322475570032	0.2534129692832765	1.4238088192E10	7.847765459700895E-7
minyanville	0.8253615127919911	0.6331058020477816	0.7165620473201352	0.36689419795221845	1333126.5	1.0633356168909813E-6
raymond-james	0.6075022872827082	0.5665529010238908	0.5863134657836645	0.4334470989761092	31873.8203125	9.308408266406332E-7
finance-abc7-com	0.8253615127919911	0.6331058020477816	0.7165620473201352	0.36689419795221845	1333494.5	1.103265617530269E-6
google-finance	0.7448598130841122	0.6800341296928327	0.7109723461195361	0.3199658703071673	3.79298496E8	7.146938969526673E-7
marketintellisearch	0.6559139784946236	0.5204778156996587	0.5803996194100857	0.4795221843003413	4.45309184E8	1.3010730981477536E-6
msn-money	0.8589743589743589	0.8575085324232082	0.8582408198121264	0.14249146757679176	4.7761856E8	5.682562687070458E-7
paidcontent	0.8253615127919911	0.6331058020477816	0.7165620473201352	0.36689419795221845	1333257.0	1.0779007197925239E-6
thecramerreport	0.5347368421052632	0.2167235494880546	0.30843958712811176	0.7832764505119454	1083376.75	1.1909284580724488E-7
cio-com	0.8553875236294896	0.7721843003412969	0.8116591928251121	0.22781569965870307	1.31804664E8	7.166283353399194E-7
investorguide	0.5299586776859504	0.4377133105802048	0.4794392523364486	0.5622866894197952	6.699350528E9	1.732056685577188E-11
simple-stock-quotes	0.5549738219895288	0.18088737201365188	0.2728442728442728	0.8191126279863481	NaN	NaN
streetinsider-com	0.820536540240518	0.7568259385665529	0.7873945849977807	0.2431740614334471	36166.69921875	4.555759915092494E-6
eresearch-fidelity-com	0.8179271708683473	0.7474402730375427	0.7810967454302273	0.2525597269624573	3.31258592E8	2.3822174455290224E-8
bloomberg	0.6537342386032978	0.5750853242320819	0.6118928733545166	0.4249146757679181	3.0598832E8	8.652034466649638E-7
tmx-quotemedia	0.7854700854700855	0.7841296928327645	0.784799316823228	0.21587030716723554	2.59380368E8	6.282263029788737E-7
financial-content	0.8253615127919911	0.6331058020477816	0.7165620473201352	0.36689419795221845	1334113.875	1.1399005188650335E-6
yahoo-finance	0.7460732984293194	0.7295221843003413	0.7377049180327868	0.2704778156996587	4.53512128E8	6.753576258233807E-7
scroli	0.813810110974106	0.5631399317406144	0.6656580937972768	0.4368600682593856	1522758.375	2.446681151013763E-7
barchart	0.7376068376068377	0.7363481228668942	0.7369769427839454	0.2636518771331058	4.27711296E8	6.122928652985138E-7
hpcwire	0.8253615127919911	0.6331058020477816	0.7165620473201352	0.36689419795221845	1333773.875	1.1312820333841955E-6
stocktwits	0.31333333333333335	0.08020477815699659	0.12771739130434784	0.9197952218430034	NaN	NaN
tickerspy	0.8173345759552656	0.7482935153583617	0.7812917594654788	0.25170648464163825	5.81124992E8	1.273236875931616E-6
investopedia	0.6432865731462926	0.2738907849829352	0.38420107719928187	0.7261092150170648	NaN	NaN
thestree	0.9410456062291435	0.7218430034129693	0.8169966199903428	0.27815699658703075	2.58901744E8	2.8543934149638517E-6
finviz	0.49863387978142076	0.31143344709897613	0.3834033613445379	0.6885665529010239	4.42482048E8	8.404278446505486E-7
renewable-energy-world	0.8253615127919911	0.6331058020477816	0.7165620473201352	0.36689419795221845	1333115.875	1.0622618447087007E-6
stocksmart	0.0	0.0	NaN	1.0	6487509.5	5.3568310676155306E-8
advfn	0.7963272120200334	0.4069965870307167	0.538678712591756	0.5930034129692833	13152.5	2.040212621068349E-6
updown	0.7937671860678277	0.7389078498293515	0.7653557224922669	0.26109215017064846	2.45964029952E11	1.027280973175948E-6
finapps-forbes-com	0.7572052401746725	0.7397610921501706	0.748381527837721	0.2602389078498294	2.38096304E8	4.65108030311967E-7
foxbusiness	0.9666666666666667	0.24744027303754265	0.3940217391304348	0.7525597269624573	44091.51953125	2.3797929316060618E-6
ycharts-com	0.47730398899587345	0.2960750853242321	0.3654555028962612	0.7039249146757679	9.156592E8	4.5393050429609616E-11
nasdaq-com	1.0	1.0	1.0	0.0	0.0	NaN
boston-com	0.8253615127919911	0.6331058020477816	0.7165620473201352	0.36689419795221845	1334281.0	1.1765205272240564E-6
bostonmerchant	0.8253615127919911	0.6331058020477816	0.7165620473201352	0.36689419795221845	1334315.625	1.179113496618811E-6
fool	0.711214953271028	0.6493174061433447	0.6788581623550402	0.35068259385665534	4.55964512E8	1.6009590808607754E-7
insidestocks	0.7687861271676301	0.4539249146757679	0.5708154506437768	0.5460750853242321	537296.5	1.0641930430210778E-6
marketwatch	0.6917748917748918	0.681740614334471	0.6867211001289214	0.318259385665529	6.83919104E8	2.512873997773113E-8
zacks	0.7311370882040382	0.5870307167235495	0.6512068149550402	0.41296928327645055	5.21520192E8	2.4519863472960424E-8
screamingmedia	0.7004739336492891	0.6305460750853242	0.6636731028289179	0.36945392491467577	6.45077952E8	2.5132422365459206E-8
stocknod	0.8253615127919911	0.6331058020477816	0.7165620473201352	0.36689419795221845	1333271.125	1.0795988600875717E-6
howthemarketworks	0.8369098712446352	0.4991467576791809	0.6253340459647247	0.5008532423208192	19880.4609375	2.203013082180405E-6
pc-quote	0.7931392931392931	0.6510238907849829	0.7150890346766635	0.3489761092150171	6.6530464E8	3.1159281377313164E-8
chron	0.8253615127919911	0.6331058020477816	0.7165620473201352	0.36689419795221845	1333244.25	1.0767344065243378E-6
optimum	0.7516778523489933	0.6689419795221843	0.7079006772009029	0.33105802047781574	6.4029696E7	9.491626542512677E-7
business-insider	0.8253615127919911	0.6331058020477816	0.7165620473201352	0.36689419795221845	1334336.5	1.1813735909527168E-6
wallstreetsurvivor	0.6908576814326107	0.6254266211604096	0.6565158978952083	0.3745733788395904	3.74383776E8	1.1858739981107647E-6
barrons	0.8471810089020771	0.4872013651877133	0.61863488624052	0.5127986348122867	4.6407184E8	1.0189498880208703E-6
predictwallstreet	0.72	0.18430034129692832	0.2934782608695652	0.8156996587030717	849912.1875	4.962806698927125E-8
cnn-money	0.7704485488126649	0.49829351535836175	0.6051813471502591	0.5017064846416383	1.04861208E8	1.6991289157886058E-6
easystockalterts	0.7687326549491211	0.7090443686006825	0.7376830892143809	0.29095563139931746	78097.3203125	2.5381532395840622E-6
personal-wealth-biz	0.5411140583554377	0.5221843003412969	0.531480677377334	0.4778156996587031	656562.5	1.4802044745465537E-7
