Source	Precision	Recall	Fmeasure	ErrorRate	MAD	MNAD
finance-abc7chicago-com	0.8093645484949833	0.6194539249146758	0.7017883035282745	0.38054607508532423	1542139.625	5.53065206077008E-7
stockpickr	0.9146800501882058	0.6220136518771331	0.7404773996952767	0.3779863481228669	9721.013671875	1.937836714205332E-5
smartmoney	0.8631138975966562	0.7047781569965871	0.7759511507750118	0.2952218430034129	1.4387632128E10	3.658671801076707E-7
minyanville	0.8060200668896321	0.6168941979522184	0.6988883518608022	0.38310580204778155	1545107.5	6.007272190799995E-7
raymond-james	0.5847846012832264	0.5443686006825939	0.5638532920901459	0.45563139931740615	62690.53125	6.594397063963697E-7
finance-abc7-com	0.8093645484949833	0.6194539249146758	0.7017883035282745	0.38054607508532423	1542144.125	5.533100306820415E-7
google-finance	0.7233644859813084	0.6604095563139932	0.6904549509366638	0.33959044368600677	4.09803136E8	4.74112027859519E-7
marketintellisearch	0.5846817691477886	0.46245733788395904	0.5164363982848976	0.537542662116041	4.03922656E8	4.3696923057723325E-7
msn-money	0.8205128205128205	0.8191126279863481	0.8198121263877028	0.1808873720136519	4.34450944E8	2.840608033238823E-7
paidcontent	0.8093645484949833	0.6194539249146758	0.7017883035282745	0.38054607508532423	1542028.75	5.470667474583024E-7
thecramerreport	0.8012048192771084	0.34044368600682595	0.47784431137724553	0.659556313993174	33220.37890625	1.1231935559408157E-6
cio-com	0.8270321361058601	0.7465870307167235	0.7847533632286995	0.2534129692832765	1.36151088E8	3.6188745866638783E-7
investorguide	0.719959266802444	0.6032423208191127	0.6564531104921077	0.39675767918088733	9.2240032E8	3.9217476488495606E-11
simple-stock-quotes	0.7309644670050761	0.24573378839590443	0.367816091954023	0.7542662116040956	NaN	NaN
streetinsider-com	0.7395736793327155	0.6808873720136519	0.7090182141270547	0.3191126279863481	101517.359375	1.220955482494901E-6
eresearch-fidelity-com	0.8123249299719888	0.742320819112628	0.7757467677218011	0.25767918088737196	2.88583776E8	2.4692326405784115E-8
bloomberg	0.6514563106796116	0.5725255972696246	0.6094459582198002	0.4274744027303754	3.2256304E8	5.4862550058487614E-8
tmx-quotemedia	0.7700854700854701	0.7687713310580204	0.7694278394534585	0.23122866894197958	2.72580096E8	7.29963801404665E-7
financial-content	0.8093645484949833	0.6194539249146758	0.7017883035282745	0.38054607508532423	1542134.25	5.527678581529472E-7
yahoo-finance	0.711965811965812	0.7107508532423208	0.7113578138343296	0.2892491467576792	4.56559744E8	3.8093696730356896E-7
scroli	0.7977805178791615	0.5520477815699659	0.6525466464952093	0.4479522184300341	1766187.5	2.938852219358523E-7
barchart	0.67008547008547	0.6689419795221843	0.6695132365499572	0.33105802047781574	4.33910368E8	7.433019533209517E-8
hpcwire	0.8093645484949833	0.6194539249146758	0.7017883035282745	0.38054607508532423	1542279.0	5.604380817203491E-7
stocktwits	0.15100671140939598	0.03839590443686007	0.061224489795918366	0.96160409556314	NaN	NaN
tickerspy	0.7875116495806151	0.7209897610921502	0.7527839643652561	0.2790102389078498	5.40653824E8	4.872621957474621E-6
investopedia	0.5814889336016097	0.24658703071672355	0.3463151587777112	0.7534129692832765	NaN	NaN
thestree	0.9166666666666666	0.6945392491467577	0.7902912621359224	0.3054607508532423	3.47328512E8	5.169643827684922E-6
finviz	0.46994535519125685	0.2935153583617747	0.36134453781512604	0.7064846416382253	4.007816E8	6.087722113079508E-7
renewable-energy-world	0.8093645484949833	0.6194539249146758	0.7017883035282745	0.38054607508532423	1542228.375	5.578172590503527E-7
stocksmart	0.0025188916876574307	8.532423208191126E-4	0.0012746972594008922	0.9991467576791809	7239821.5	5.461807006668096E-8
advfn	0.7868020304568528	0.3967576791808874	0.5275099262620533	0.6032423208191127	16027.423828125	8.359558023585123E-7
updown	0.7608494921514312	0.7030716723549488	0.7308203991130819	0.29692832764505117	2.43636748288E11	6.415198186005E-7
finapps-forbes-com	0.7288428324697754	0.7201365187713311	0.7244635193133048	0.2798634812286689	2.0430664E8	3.974130606820836E-7
foxbusiness	0.8929765886287625	0.22781569965870307	0.36301835486063894	0.7721843003412969	58891.05078125	2.237230091850506E-6
ycharts-com	0.39118457300275483	0.24232081911262798	0.2992623814541623	0.757679180887372	8.10677696E8	3.893328021087328E-11
nasdaq-com	1.0	1.0	1.0	0.0	0.0	NaN
boston-com	0.8093645484949833	0.6194539249146758	0.7017883035282745	0.38054607508532423	1542461.125	5.701194254470465E-7
bostonmerchant	0.8093645484949833	0.6194539249146758	0.7017883035282745	0.38054607508532423	1542460.125	5.700662768504117E-7
fool	0.6878504672897197	0.6279863481228669	0.656556645851918	0.3720136518771331	4.74592288E8	1.9741776213777484E-7
insidestocks	0.7246376811594203	0.42662116040955633	0.5370569280343717	0.5733788395904437	1810938.875	1.9580045318434713E-7
marketwatch	0.6747404844290658	0.6655290102389079	0.6701030927835052	0.33447098976109213	8.00921344E8	2.553598932308887E-8
zacks	0.7037037037037037	0.5836177474402731	0.6380597014925373	0.41638225255972694	4.53171968E8	2.5411315718315564E-8
screamingmedia	NaN	0.0	NaN	1.0	NaN	NaN
stocknod	0.8093645484949833	0.6194539249146758	0.7017883035282745	0.38054607508532423	1542032.375	5.472587645272142E-7
howthemarketworks	0.836441893830703	0.4974402730375427	0.6238630283574105	0.5025597269624573	20526.369140625	1.0853676712940796E-6
pc-quote	0.7735655737704918	0.64419795221843	0.7029795158286778	0.35580204778157	1.07749376E9	2.173592683618608E-8
chron	0.8093645484949833	0.6194539249146758	0.7017883035282745	0.38054607508532423	1541960.375	5.433872729554423E-7
optimum	0.713326941514861	0.6348122866894198	0.671783295711061	0.3651877133105802	7.2029048E7	4.715355998996529E-7
business-insider	0.8093645484949833	0.6194539249146758	0.7017883035282745	0.38054607508532423	1542481.25	5.712201982532861E-7
wallstreetsurvivor	0.6713483146067416	0.6117747440273038	0.6401785714285715	0.3882252559726962	3.1707072E8	5.466045536195452E-7
barrons	0.8325925925925926	0.47952218430034127	0.6085544125609096	0.5204778156996588	5.55881216E8	6.480302090494661E-7
predictwallstreet	0.761744966442953	0.19368600682593856	0.30884353741496595	0.8063139931740615	541649.375	9.718197446773047E-8
cnn-money	0.7175866495507061	0.47696245733788395	0.5730394669400307	0.5230375426621161	1.16193872E8	6.854017442492477E-7
easystockalterts	0.7182576459684893	0.6612627986348123	0.6885828520657485	0.3387372013651877	104799.3828125	1.2571099432534538E-6
personal-wealth-biz	0.6925795053003534	0.6689419795221843	0.6805555555555556	0.33105802047781574	59859.1015625	2.20343895307451E-6
